0
0
0
0
0
0
0
0
0
0
0
0
0
0
0
0
0
0
0
0
0
0
0
0
0
0
0
0
0
0
0
0
0
0
0
0
0
0
0
0
0
0
0
0
0
0
0
0
0
0
0
0
0
0
0
0
0
0
0
0
0
0
0
0
0
0
0
0
0
0
0
0
0
0
0
0
0
0
0
0
0
0
0
19919
25115
26717
28183
29420
30175
32494
34230
36394
40111
46534
56108
66794
76240
90482
101918
108076
111790
118107
124332
125901
124866
127772
128381
129560
134301
165815
339519
815408
1401801
1933402
2110368
1462669
568722
149801
57536
46069
46876
54341
59307
63717
64862
57571
45742
40193
39288
55138
136670
350803
552942
485945
248376
139618
158407
149595
83355
33238
16953
14975
17285
20433
20065
17427
14766
14695
15046
14376
13614
13051
12972
13009
13055
12983
12774
12994
13185
13164
12894
13270
13181
13019
13047
13315
13397
13289
13254
13545
13456
13695
13492
13432
13631
13759
13514
13956
13991
13713
13808
13874
14261
14173
14119
14166
14412
14026
14453
14267
14428
14681
14457
15320
15586
15265
15014
15349
15488
15869
15919
16355
16081
16044
16057
16198
16702
16829
16469
17256
17033
17156
17410
17673
17818
17781
18041
17793
18152
18194
18018
18356
18351
19258
20121
22843
24226
22591
20712
19981
20041
21348
24801
28894
27928
24008
21152
20478
20491
20350
20617
20952
20971
21011
21094
21328
21996
23079
23764
25561
26062
25415
24706
23858
23467
23442
23448
25240
26829
27473
28123
29407
30380
30795
31290
32946
34707
35698
35681
34678
33911
32789
31953
32640
32814
33551
33166
32964
32750
32690
32320
33121
33210
33303
33231
33872
33736
34386
33457
34725
34942
34834
34291
35155
35492
34742
34325
34171
34242
33952
33601
33792
33743
33371
32747
33151
33192
33040
32352
31895
32052
31543
31481
31369
30974
31092
30421
30859
30363
30296
29411
30337
30310
30316
29250
29747
29836
29211
29194
29529
29253
29112
28977
29060
29012
29156
28546
28955
28906
28836
28801
28918
28743
28546
28568
28673
28836
28711
28325
28662
28685
28360
28296
28568
28751
28556
28209
28957
29438
29073
29279
28930
28340
28180
27713
27630
27459
27618
27052
27270
27372
26706
26770
26889
26931
26459
26253
26244
26279
25983
25462
25715
25954
25651
24688
25739
26080
26514
27252
36621
98717
351730
857836
1248632
1030131
491058
149518
50082
33065
27687
23897
22723
22895
22255
22629
22537
22908
23027
22361
22364
22816
22634
22646
22409
22684
22482
21954
22513
22781
22353
22202
22346
22521
22665
22046
22492
22322
22293
22284
22290
22268
22119
21905
22284
22670
21904
22090
22188
22080
22272
22072
22338
21940
22311
21941
21982
21736
22195
21455
22156
22258
22248
22187
22183
22253
22096
21831
21857
22076
22163
22011
22164
22010
22038
21763
22195
22583
22348
22138
22444
22613
22504
22248
22691
22871
22829
22637
23199
23206
23509
23299
24031
24696
24747
24505
24317
24256
23874
23849
24243
24084
23983
23920
23762
24046
23667
23526
23852
23823
23651
23260
23610
23398
23267
23025
23280
23392
23126
22906
22908
23085
22810
22131
23281
23698
23218
23176
22983
23364
23206
22786
22909
23091
22990
22860
23001
24013
26089
28021
30443
30685
28058
24495
22971
22225
21907
21449
21981
22094
21516
21681
21865
21933
21725
21250
21970
22704
23326
23583
23265
22975
22234
21749
21971
21475
21461
21168
21268
21260
21182
20766
21034
21136
21192
20937
20927
21187
21061
21010
20903
21079
20799
20690
20598
20825
20849
20354
20628
20732
20725
20591
20657
20766
20679
20375
20584
20462
20426
20424
20165
20526
20077
20051
19972
20138
20076
19943
20088
20116
20114
19906
19910
20141
19761
19785
19636
19873
19572
19303
19555
19995
19769
19572
19488
19976
19265
18964
19234
18996
19201
18880
18902
19075
18853
18706
19139
18940
18985
18857
18804
18669
18744
18705
18635
18851
18723
18400
18620
18507
18547
17973
18106
18438
18052
17956
18176
17923
17805
17503
17590
17160
17287
16894
17001
17010
16675
16264
16481
16507
16472
16229
16087
16052
15804
15799
15924
15825
15917
15607
15491
15611
15657
15094
15445
15529
15248
14846
15203
15434
15199
15080
14945
14950
15074
14711
14996
15076
15130
14686
14781
14824
14976
14835
14783
15045
14735
14458
14675
14436
14440
14345
14448
14814
14754
14323
14367
14240
14151
14036
13872
13911
13946
13731
13562
13799
13532
13470
13496
13671
13659
13393
13369
13476
13507
13246
13297
13426
13462
13039
13080
13155
12882
12982
13025
12923
12685
12747
12944
12678
12597
12669
12540
12597
12463
12364
12671
12260
12186
12209
12135
12396
12102
11906
12293
12258
11885
12058
11874
12043
11853
11538
11603
11922
11824
11571
11605
11620
11743
11062
11458
11616
11499
11620
11454
11530
11541
11508
11199
11270
11432
11219
11274
11071
11347
10854
11236
11187
11295
10844
10997
10930
11316
11177
11073
10965
10882
10769
10586
10619
10758
10444
10732
10775
10765
10843
10781
10964
10887
11871
17169
39107
92536
160799
186611
140237
69970
27757
13817
10861
10321
10181
10437
10590
10952
10746
10693
10318
10103
9917
10006
9898
9892
9672
10070
10429
10640
11248
11377
10874
10130
9983
9747
9692
9730
9481
9752
9595
9537
9452
9551
9413
9488
9217
9352
9470
9321
9113
9372
9326
9339
9065
9373
9133
9154
9039
9056
9360
9156
9069
8986
9103
8993
8948
9090
9062
8979
8670
9007
8923
8844
8703
8734
8912
8712
8929
8644
8723
8710
8628
8664
8492
8662
8703
8688
8560
8534
8330
8621
8951
8765
8709
9072
9615
10045
9609
9015
8577
8495
8491
8415
8533
8188
8223
8165
8492
8364
8487
8823
9131
8646
8143
8185
8019
8047
7971
8006
8098
7994
7834
7895
8019
7784
7931
7914
7881
7931
7961
7824
7791
7760
7831
7799
7709
7702
7356
7644
8112
8303
8930
8985
8990
8661
7796
7565
7543
7403
7272
7119
7364
7110
7075
7096
7124
7227
7088
6983
7344
7358
7332
7126
7142
7093
7114
6773
6834
6850
6665
6705
6713
6792
6616
6628
6720
6774
6905
8116
10472
13458
14840
12966
9755
7551
6605
6420
6496
6299
6337
6380
6375
6292
6098
6262
6340
6211
6133
6151
6126
6192
6196
6027
6099
5964
6071
6018
5925
6071
6002
5951
5952
5839
5863
5904
5741
5893
5640
5809
6070
5781
5682
5689
5861
5702
5779
5708
5589
5518
5693
5610
5582
5556
5389
5622
5511
5596
5512
5469
5516
5506
5433
5425
5460
5579
5657
5987
6077
6114
5680
5577
5441
5186
5092
5280
5237
5265
5127
5062
5264
5190
5167
5099
5095
5170
4946
5014
5013
4959
4873
5032
5002
4938
4975
4931
5052
4967
5108
5594
6013
6055
5694
5309
4995
4861
4676
4792
4659
4795
4780
4734
4713
4983
5342
6312
6577
6289
5587
5169
4812
4812
4679
4594
4674
4693
4547
4533
4616
4531
4637
4464
4468
4521
4496
4546
4540
4535
4359
4458
4474
4436
4194
4280
4243
4380
4187
4272
4351
4207
4308
4322
4568
4727
4754
4651
4659
4432
4597
4589
4685
5343
7613
18978
61675
168687
319447
424123
379100
220998
86865
25437
8150
4872
4412
4208
4058
4138
3982
4101
3850
3933
3998
3957
3964
3842
3739
3820
3837
3890
3878
4010
4200
4189
4194
4165
3865
3782
3669
3869
3747
3813
3625
3663
3662
3687
3660
3642
3727
3726
3720
3757
3694
3675
3631
3624
3458
3669
3529
3547
3536
3579
3580
3559
3574
3454
3428
3567
3555
3449
3314
3438
3524
3557
3447
3464
3415
3445
3355
3423
3611
3957
4533
4806
5478
7501
11280
14965
15252
11780
7070
4451
3583
3456
3404
3407
3416
3333
3335
3266
3314
3279
3248
3354
3289
3313
3225
3296
3316
3248
3302
3308
3261
3216
3203
3276
3353
3276
3313
3309
3230
3141
3228
3158
3170
3293
3149
3129
3160
3250
3135
3123
3265
3054
3162
3179
3194
3210
3134
3126
3212
3135
3208
3192
3244
3151
3186
3300
3474
3534
3590
3609
3285
3250
3138
3106
3190
3123
3100
3059
3035
2968
3080
2963
3036
2975
3069
3056
2968
3030
2915
2968
2944
3038
2959
3051
2865
2916
2971
2873
2912
2960
2981
2947
2928
2857
2956
3022
2845
2982
2940
2960
2910
2856
2927
2941
2924
2932
2861
2934
3090
2938
2885
3040
2962
2915
2860
2878
2952
2870
2797
2880
2857
2959
2708
2872
2861
2865
2888
2816
2926
2872
2847
2785
2916
2851
2866
2886
2748
2967
2941
3489
5486
10505
19103
27999
30003
22981
13530
6517
3714
2988
2815
2806
2733
2739
2788
2808
2779
2935
3282
3707
4060
4056
3662
3144
2897
2844
2913
2792
2837
2781
2802
2809
2753
2786
2663
2708
2846
2692
2705
2724
2684
2759
2716
2741
2748
2797
2632
2698
2691
2675
2697
2621
2649
2740
2590
2607
2718
2778
2631
2802
2722
2701
2689
2650
2665
2720
2651
2650
2654
2682
2728
2705
2714
2705
2686
2637
2746
2649
2604
2607
2660
2670
2691
2614
2773
2719
2601
2606
2666
2651
2646
2597
2658
2652
2690
2610
2651
2638
2630
2709
2653
2653
2675
2682
2611
2710
2744
2686
2705
2671
2842
3466
5351
11117
21200
32170
36508
30715
19033
9355
4636
3094
2692
2718
2545
2725
2668
2679
2634
2691
2668
2499
2638
2608
2634
2621
2694
2670
2643
2726
2608
2689
2647
2593
2611
2730
2583
2766
2652
2609
2617
2537
2706
2702
2625
2523
2498
2531
2585
2576
2669
2646
2603
2630
2687
2617
2597
2617
2563
2669
2643
2605
2677
2610
2607
2609
2620
2613
2597
2670
2669
2626
2657
2666
2614
2653
2601
2603
2615
2667
2560
2619
2586
2656
2652
2599
2674
2625
2543
2597
2608
2597
2616
2527
2587
2524
2544
2587
2513
2526
2602
2559
2645
2596
2644
2608
2637
2627
2617
2646
2578
2574
2580
2638
2592
2594
2609
2601
2614
2488
2655
2592
2648
2628
2544
2673
2623
2633
2649
2605
2536
2621
2613
2577
2694
2826
2751
2871
2783
2885
2851
2861
2960
2880
2828
2681
2653
2625
2526
2528
2510
2657
2613
2625
2657
3065
3766
5096
6308
6466
5534
4407
3292
2769
2723
2644
2658
2646
2589
2480
2589
2598
2594
2778
2684
2957
2885
2926
2689
2661
2511
2573
2565
2704
2609
2654
2613
2643
2614
2625
2505
2602
2580
2545
2563
2562
2560
2519
2536
2599
2544
2605
2639
2538
2566
2731
2974
3265
3667
3954
3828
3426
2884
2698
2624
2630
2570
2595
2585
2622
2544
2597
2643
2645
2680
2574
2601
2667
2766
2845
2825
2850
3028
3026
3133
3123
3074
3030
2992
2947
2744
2828
2753
2795
2671
2598
2587
2633
2589
2599
2644
2592
2588
2589
2547
2564
2601
2638
2595
2621
2512
2570
2649
2733
2782
2948
3045
3073
2921
2886
2642
2611
2599
2588
2701
2637
2725
2698
2721
2674
2662
2553
2687
2659
2520
2572
2690
2719
2715
2708
2694
2663
2666
2665
2628
2759
2721
2607
2689
2613
2695
2591
2589
2626
2675
2709
2585
2681
2650
2645
2611
2847
2779
2902
2989
3059
2826
2724
2664
2757
2550
2642
2576
2672
2596
2606
2715
2644
2612
2710
2651
2583
2726
2680
2664
2658
2729
2603
2642
2683
2719
2601
2695
2666
2665
2595
2711
2710
2657
2651
2698
2756
2629
2743
2683
2711
2678
2647
2670
2716
2650
2634
2628
2654
2772
2675
2771
2735
2740
2727
2742
2621
2670
2696
2725
2722
2709
2655
2800
2697
2710
2827
2793
2698
2613
2741
2820
2851
2824
2855
2919
2835
2790
2848
2807
2768
2719
2841
2681
2734
2720
2774
2688
2826
2838
2813
2864
2808
2758
2861
2859
3123
3329
3897
4880
6093
6677
6234
5003
4034
3344
3280
3355
3813
3965
3776
3475
3120
2976
2786
2822
2797
2751
2795
2733
2695
2877
2809
2827
2873
2943
2808
2832
2834
2910
2783
2928
2731
2759
2782
2845
2860
2819
2713
2811
2851
2913
2785
2878
2846
2874
2817
2770
2845
2826
2821
2859
2765
2728
2848
2835
2856
2753
2839
2798
2840
2837
2885
2842
2921
2876
2861
2876
2806
2794
2743
2747
2827
3034
3571
4535
5466
5994
5777
4794
3704
3024
2668
2611
2552
2521
2611
2583
2483
2529
2526
2487
2589
2498
2577
2628
2578
2694
2645
2563
2342
2425
2340
2391
2375
2413
2293
2450
2383
2385
2384
2375
2459
2320
2388
2455
2404
2368
2380
2425
2381
2285
2342
2300
2385
2318
2374
2342
2413
2380
2375
2415
2313
2392
2473
2420
2303
2388
2330
2423
2394
2363
2379
2408
2399
2375
2362
2333
2376
2311
2400
2403
2381
2451
2533
2541
2639
2558
2538
2467
2306
2313
2286
2281
2333
2302
2291
2337
2314
2314
2295
2298
2310
2391
2389
2334
2433
2335
2405
2438
2297
2365
2334
2305
2249
2278
2325
2284
2259
2334
2299
2258
2335
2265
2238
2267
2235
2299
2246
2282
2270
2286
2233
2275
2246
2282
2358
2264
2345
2269
2360
2358
2366
2286
2285
2346
2283
2281
2299
2343
2223
2225
2210
2241
2309
2331
2241
2228
2296
2247
2405
2298
2196
2325
2266
2303
2260
2249
2219
2216
2258
2295
2284
2277
2259
2348
2247
2218
2233
2234
2187
2189
2242
2354
2152
2304
2236
2303
2181
2224
2233
2276
2222
2114
2247
2143
2226
2251
2178
2221
2195
2177
2320
2192
2267
2209
2247
2246
2206
2200
2240
2179
2164
2218
2317
2197
2201
2278
2238
2247
2227
2272
2303
2249
2253
2244
2189
2193
2204
2134
2285
2147
2217
2158
2235
2123
2225
2196
2225
2223
2243
2277
2237
2217
2474
2683
3175
3071
3037
2850
2569
2374
2286
2213
2164
2288
2190
2256
2282
2236
2287
2213
2121
2191
2262
2253
2229
2199
2202
2175
2261
2247
2257
2164
2232
2262
2282
2194
2277
2153
2262
2182
2202
2257
2193
2276
2218
2245
2212
2268
2157
2159
2115
2153
2177
2173
2242
2203
2218
2297
2145
2129
2122
2080
2172
2309
2379
2738
3053
3349
3166
2933
2577
2315
2251
2087
2145
2143
2322
2594
3166
4039
4805
5217
4737
3884
2929
2414
2115
2137
2077
2078
2112
2109
2093
2146
2113
2114
2131
2071
2137
2119
2154
2116
2135
1969
2102
2170
2134
2254
2236
2202
2362
2764
3644
4943
6488
7309
7132
5660
4067
3028
2371
2131
2126
2130
2099
2017
2055
2075
2119
2093
2112
2090
2050
2098
2098
2072
2160
2042
2106
2209
2103
2095
2145
2110
2111
2092
2151
2141
2084
2056
2067
2139
2124
2102
2147
2072
2017
2189
2166
2214
2223
2159
2136
2183
2141
2230
2140
2173
2151
2137
2166
2117
2188
2088
2166
2134
2181
2124
2243
2116
2139
2075
2106
2166
2132
2141
2161
2143
2118
2126
2221
2173
2165
2284
2245
2360
2572
2731
2744
2631
2496
2362
2211
2190
2119
2245
2120
2175
2168
2209
2221
2188
2183
2165
2154
2215
2470
2833
3361
3750
4097
3882
3394
2773
2485
2261
2249
2274
2245
2245
2369
2377
2723
2667
2813
2632
2557
2346
2223
2193
2213
2186
2145
2222
2172
2274
2283
2299
2255
2268
2378
2259
2292
2306
2280
2262
2203
2268
2223
2195
2199
2263
2190
2212
2217
2228
2200
2271
2280
2281
2258
2242
2271
2309
2252
2243
2317
2341
2258
2228
2369
2286
2181
2206
2275
2278
2322
2319
2264
2196
2296
2263
2322
2196
2291
2263
2274
2282
2300
2161
2205
2320
2290
2279
2313
2342
2307
2302
2251
2283
2252
2282
2248
2338
2347
2282
2236
2249
2247
2266
2293
2325
2323
2308
2354
2291
2287
2347
2308
2252
2326
2325
2233
2405
2283
2302
2275
2298
2284
2281
2334
2324
2494
2529
2431
2392
2481
2446
2406
2393
2351
2336
2289
2241
2277
2253
2274
2279
2206
2187
2174
2212
2230
2262
2129
2132
2130
2109
2075
1987
2056
2051
2269
2511
2732
3058
3151
2912
2765
2336
2155
2059
1959
1988
1990
2049
2109
2358
2429
2534
2553
2515
2163
2165
1994
1910
1914
1957
1958
1936
1946
1930
1913
1928
1932
1896
1886
1953
1989
1986
1988
1920
1954
1989
2016
2035
2289
2964
4644
9416
18966
34846
53821
67542
67871
54975
35958
19247
8719
4062
2416
2136
1937
1921
1917
1960
1922
1894
1957
1934
1896
1926
1862
1920
1895
1891
1933
1874
1901
1881
1897
1844
1943
1863
1928
1853
1860
1837
1793
1907
1866
1845
1916
1881
1909
1816
1844
1806
1922
1859
1779
1802
1871
1857
1855
1977
1855
2036
1975
1976
2003
1892
1879
1848
1953
1790
1862
1833
1860
1899
1775
1868
1910
1815
1903
1914
1854
1926
1860
1821
1929
1833
1833
1898
1856
1910
1886
1799
1884
1855
1803
1820
1857
1951
1784
1945
1842
1888
1856
1840
1818
1801
1885
1824
1887
1928
1953
2136
2339
2700
3284
3430
3450
3162
2613
2166
1897
1890
1814
1881
1864
1932
1946
1855
1828
1847
1851
1883
1879
1878
1924
1882
1863
1818
1882
1887
1850
1870
1811
1821
1830
1862
1918
1874
1833
1801
1874
1866
1761
1883
1859
1814
1909
1817
1919
1843
1882
1764
1843
1787
1768
1864
1808
1822
1833
1889
1819
1886
1862
1868
1924
1909
1851
1906
1833
1830
1825
1891
1895
1796
1827
1823
1841
1838
1886
1899
1946
1894
1871
1844
1801
1846
1808
1901
1856
1876
1867
1810
1857
1824
1867
1825
1904
1857
1817
1916
1927
1937
1936
1923
1935
1886
1967
2038
2084
2238
2374
2635
2714
2513
2481
2235
2071
1872
1861
1911
1881
1897
1815
1981
1889
1870
1830
1956
1885
1919
1961
1920
1945
1960
1942
1871
1998
1842
1941
1936
1898
1887
1885
1991
1956
1909
1841
1894
1885
1926
1830
1973
1874
1889
1895
1865
1954
1998
2012
1860
1866
1971
1934
1988
1874
1960
1936
1959
1934
1929
1860
1902
1948
1899
1834
1917
1901
1867
1936
1972
1963
1989
1914
2050
1928
1938
1951
2029
1950
1955
1939
1934
2058
2088
2528
3301
5155
8502
13428
18179
20714
19375
15086
9989
5853
3539
2507
2008
1967
1977
2031
1997
1934
2020
1927
1958
2061
2080
2122
2154
2183
2170
2177
2081
2045
2046
1995
1944
1946
1917
2019
1877
1795
1905
1893
1940
1930
1813
1883
1882
1798
1831
1843
1905
1881
1892
1764
1841
1792
1765
1818
1778
1806
1864
1857
1734
1787
1750
1775
1733
1730
1743
1757
1743
1761
1747
1722
1702
1763
1687
1735
1706
1706
1692
1700
1680
1691
1655
1711
1770
1733
1703
1736
1746
1674
1734
1752
1807
1684
1742
1645
1664
1759
1780
1732
1807
1777
1805
1836
1897
1904
1918
1963
1982
1843
1831
1750
1752
1674
1760
1770
1733
1780
1879
1936
1983
1994
1958
1879
1757
1632
1631
1591
1596
1608
1519
1561
1590
1531
1502
1622
1589
1451
1511
1627
1603
1633
1663
1592
1564
1439
1436
1438
1394
1414
1459
1351
1410
1416
1431
1332
1404
1334
1350
1438
1384
1394
1426
1420
1268
1299
1356
1360
1321
1440
1272
1393
1274
1334
1257
1272
1316
1345
1464
1710
2044
2482
2866
3107
2942
2387
1919
1647
1450
1329
1230
1221
1255
1302
1325
1226
1240
1234
1251
1330
1302
1331
1416
1585
1882
2144
2272
2317
2091
1901
1636
1393
1327
1292
1255
1196
1249
1285
1312
1371
1496
1526
1539
1491
1323
1312
1268
1175
1187
1185
1201
1215
1190
1186
1188
1210
1270
1189
1198
1143
1169
1178
1156
1147
1185
1201
1193
1176
1158
1200
1228
1182
1172
1244
1106
1203
1139
1234
1124
1154
1133
1116
1176
1068
1115
1183
1136
1095
1124
1099
1111
1115
1179
1148
1142
1182
1207
1196
1106
1191
1136
1150
1138
1170
1119
1165
1102
1143
1085
1080
1111
1157
1116
1101
1052
1026
1086
1083
1079
1099
1133
1075
1080
1063
1067
1195
1108
1136
1125
1030
1102
1044
1066
1141
1157
1107
1145
1160
1166
1113
1153
1087
1095
1117
1096
1101
1202
1332
1604
2330
4057
8051
15199
27339
41113
52946
56796
50379
37865
23794
12639
5766
2735
1549
1197
1104
987
1050
1066
1028
1077
1066
1075
1073
1088
1019
1036
986
955
968
1002
990
980
1006
979
974
984
969
985
981
1016
1048
1052
985
982
933
922
953
928
899
886
879
941
898
919
899
933
913
877
898
913
945
904
878
902
940
954
876
884
865
916
940
908
874
866
925
874
886
901
899
907
914
900
865
916
886
859
922
962
938
993
1007
1056
1033
1025
1054
981
987
919
907
887
801
816
827
866
858
842
830
879
868
880
866
934
930
964
1095
967
966
982
920
916
864
840
875
811
895
862
828
911
902
839
887
903
885
857
949
908
946
1040
1127
1432
1616
1986
2333
2996
3361
3377
3526
2892
2165
1638
1186
969
899
800
808
845
837
839
889
883
901
871
842
850
804
849
773
803
756
760
816
800
713
801
748
764
738
723
742
804
758
751
742
804
757
775
779
768
742
750
771
704
755
770
723
754
768
736
750
726
762
736
778
740
762
790
781
738
719
752
794
788
738
752
738
710
706
751
717
737
748
729
788
764
715
764
702
787
741
752
705
744
744
696
725
724
716
718
690
758
723
745
775
687
754
754
804
737
700
756
753
776
729
748
772
750
756
762
726
732
797
747
741
772
723
742
700
726
772
744
783
724
760
745
706
768
732
686
766
768
789
784
766
819
787
788
716
790
817
766
720
756
821
758
803
748
739
790
713
766
764
726
775
712
824
758
754
717
705
789
754
748
818
751
791
740
730
792
758
753
751
807
772
750
770
765
711
793
757
733
777
763
814
798
744
744
748
750
744
797
729
723
744
747
758
791
767
784
744
732
795
759
704
775
747
799
790
789
713
737
743
763
780
787
780
816
783
776
797
797
765
744
750
784
768
772
777
820
813
786
729
777
745
779
826
747
771
783
776
793
793
822
798
782
782
763
791
800
774
754
830
820
853
818
798
786
803
765
775
847
875
905
987
1215
1621
2788
5245
9673
16337
24576
31674
34969
32352
25631
16953
9748
4949
2435
1553
1538
2058
3038
4473
5752
6455
6345
5352
4050
2683
1707
1148
882
864
834
763
818
797
789
788
755
774
773
822
770
792
735
757
747
718
694
739
744
769
791
813
716
780
764
738
719
785
775
734
765
758
729
777
781
811
769
726
794
737
794
747
802
730
813
795
785
746
785
763
800
857
884
953
960
1170
1381
1534
1623
1784
1940
2552
4306
8043
14816
23679
34252
41970
44250
39392
29325
18842
10564
5147
2449
1395
981
895
856
821
810
826
829
831
847
880
810
817
840
839
821
781
884
879
879
911
896
915
946
877
854
870
902
1032
1106
1109
1197
1141
1070
1015
1005
989
996
1103
1167
1019
1107
961
981
935
900
852
840
916
857
797
879
899
849
835
881
884
912
928
905
843
883
902
908
878
816
810
891
800
873
831
805
877
794
827
846
817
834
874
853
789
790
837
844
839
832
879
864
879
876
808
883
931
898
921
792
841
882
824
865
894
868
874
848
868
849
889
882
913
887
927
912
932
839
916
983
946
985
907
931
937
897
972
995
1061
1051
1152
1337
1316
1432
1376
1323
1180
1072
1006
948
916
956
928
850
943
911
881
897
916
976
1064
1052
1047
998
1039
966
1023
953
977
969
919
920
916
913
900
912
940
914
957
889
936
896
910
966
962
950
952
898
909
970
954
924
958
967
956
980
943
949
984
929
952
1004
899
935
976
1035
997
1034
1128
1076
1056
1008
982
979
999
978
1015
964
987
1025
998
1056
987
973
953
1008
974
954
953
1000
974
958
950
982
1011
1066
962
974
1015
987
990
983
1050
1004
969
1002
993
958
981
1015
992
941
971
996
1011
1023
937
939
1040
856
1023
958
991
947
964
929
865
894
916
937
986
956
853
855
848
863
880
846
837
842
796
855
810
780
783
765
717
712
761
744
734
678
652
690
658
645
618
651
656
641
652
671
658
662
696
633
624
663
641
614
599
628
623
587
648
670
635
580
585
594
627
610
594
539
609
607
653
595
621
579
584
630
614
580
577
617
562
571
613
633
584
560
603
599
649
737
919
1253
1842
2697
3542
4321
4540
4127
3276
2423
1572
1023
802
598
570
543
573
528
579
541
545
543
513
533
528
527
532
551
533
517
518
510
527
505
510
519
507
551
572
537
479
519
509
503
539
516
508
508
498
529
463
516
557
516
497
495
479
551
473
501
507
494
505
484
481
445
459
495
483
484
527
507
519
535
581
623
696
708
637
606
586
561
521
513
474
459
459
486
501
439
484
469
487
517
478
448
453
452
437
416
476
425
454
442
434
432
475
445
444
432
469
398
394
429
415
418
446
442
431
418
424
459
393
394
439
405
469
487
522
628
726
822
967
931
849
754
644
529
492
421
425
436
448
443
420
390
383
434
365
419
373
346
388
376
360
347
375
365
388
390
385
362
413
372
372
382
374
386
409
377
416
449
437
413
394
413
357
351
345
344
332
374
345
366
275
349
316
315
341
337
298
313
355
345
343
369
342
310
316
317
339
293
303
312
337
309
301
319
316
325
342
364
413
477
585
702
700
748
736
537
469
380
328
258
262
287
279
265
275
259
285
276
284
276
281
288
289
271
262
270
267
264
259
283
272
263
292
248
259
221
266
265
247
238
233
214
230
213
235
243
239
210
215
253
235
221
231
230
231
243
203
241
225
242
243
296
343
410
474
462
455
412
366
273
251
242
215
212
200
229
204
232
231
301
390
618
1088
1621
2532
3361
4105
4289
3943
3257
2340
1424
796
463
298
208
175
166
191
203
183
193
174
144
140
197
138
169
149
152
155
156
148
157
175
153
154
164
150
154
145
147
150
139
140
129
125
137
133
144
136
133
146
121
143
151
154
148
126
162
126
147
142
119
157
146
122
115
124
110
112
116
138
120
124
115
139
124
104
101
121
120
109
116
99
110
120
95
104
90
105
102
93
110
109
116
111
95
101
103
97
94
103
100
111
92
134
120
92
101
85
122
101
107
105
120
109
95
112
79
97
94
121
91
103
87
112
110
135
107
114
106
123
98
98
102
92
98
85
98
78
121
101
86
93
101
87
98
102
84
82
83
96
90
82
96
90
83
85
83
83
84
86
61
99
89
108
92
88
88
106
98
110
130
125
129
129
93
95
86
87
70
92
76
65
100
71
90
93
70
94
84
85
71
100
78
86
75
82
79
79
76
79
87
80
85
73
93
78
78
73
82
90
59
90
80
73
95
79
86
81
97
96
88
103
141
115
143
146
138
120
110
92
101
80
85
80
73
62
81
70
95
86
79
71
73
66
91
77
77
62
84
83
93
91
84
71
80
79
74
88
86
78
77
85
67
67
82
72
87
82
86
64
80
99
99
81
92
68
77
76
65
73
74
77
74
69
80
46
63
73
69
76
71
64
63
66
72
68
69
77
76
85
76
71
91
63
73
65
57
79
84
76
70
67
74
66
88
91
80
64
81
70
73
66
73
57
73
54
64
56
65
67
59
63
67
63
78
56
78
87
55
92
87
89
81
82
85
79
75
72
81
81
73
83
84
85
67
95
111
82
89
73
72
120
128
153
200
294
380
626
1138
2203
4592
8508
15173
23897
33970
42462
46784
45759
38895
29344
19087
10783
5474
2418
1005
361
193
103
103
95
65
87
82
64
73
66
81
53
72
71
58
70
44
62
57
47
55
55
56
52
39
61
53
45
38
41
42
38
36
49
41
41
41
39
42
40
57
38
27
34
40
43
36
31
49
41
48
41
49
45
41
38
32
41
37
36
27
32
30
38
34
43
36
32
42
32
26
28
32
44
58
40
62
62
65
65
81
62
44
46
46
35
38
47
44
58
57
53
54
45
44
47
56
45
40
53
47
49
47
50
48
48
58
57
64
59
69
77
68
92
79
79
103
99
103
113
117
179
259
322
474
521
548
582
545
465
351
232
159
84
60
55
54
39
36
43
61
73
79
102
143
157
147
160
143
123
118
93
83
109
167
294
459
666
893
1070
1061
1067
844
626
446
280
180
147
171
225
201
225
215
182
140
95
73
45
31
20
26
19
23
13
26
20
14
23
26
18
20
21
15
23
23
19
19
20
24
20
22
24
15
19
17
23
23
26
18
26
30
24
24
19
27
19
31
22
27
21
17
14
22
24
32
25
20
20
17
26
22
23
21
21
19
29
23
23
27
22
25
25
19
23
26
24
34
19
22
25
28
25
24
20
24
35
17
24
20
27
21
25
31
24
20
24
31
24
22
21
27
22
22
36
27
33
31
26
27
35
28
43
33
35
28
31
34
37
39
35
23
34
29
32
30
45
36
45
36
35
30
34
26
28
39
17
26
32
36
22
24
49
20
23
22
22
37
32
21
18
25
22
26
29
18
31
20
29
28
29
18
28
23
27
39
34
36
37
20
30
26
28
31
26
18
27
15
17
25
34
24
20
16
27
24
22
18
21
15
29
23
24
22
22
15
24
22
19
21
19
14
27
31
16
26
26
18
23
19
20
20
23
26
15
21
25
17
19
24
28
20
37
38
35
60
105
138
229
306
435
547
596
640
626
553
545
512
514
389
331
217
137
97
41
25
26
10
14
20
13
16
15
11
14
16
17
18
12
14
11
21
14
19
21
16
14
22
17
15
17
11
8
18
17
11
9
12
13
8
15
14
14
25
17
9
17
15
13
20
13
17
15
13
8
12
13
6
14
10
12
12
7
10
13
10
13
12
7
11
6
12
19
17
17
20
13
10
14
15
16
16
17
10
16
19
17
9
10
21
17
20
14
10
18
11
19
13
11
11
12
14
21
13
12
14
15
16
16
13
13
9
11
15
14
12
7
16
19
13
9
9
9
12
10
16
14
20
25
19
16
16
18
17
15
10
17
23
16
14
18
11
11
18
18
17
8
15
20
15
21
15
16
7
14
15
8
13
11
10
12
15
17
16
17
19
20
17
20
15
18
13
16
15
10
14
19
16
18
11
13
24
14
12
10
11
11
10
13
17
6
17
9
12
12
8
11
17
19
13
17
13
17
18
10
12
18
11
18
8
14
19
16
11
19
12
15
16
18
13
16
15
18
20
31
35
23
29
31
22
13
19
13
17
10
12
16
9
15
13
10
8
10
12
8
11
13
14
18
14
12
14
13
14
23
18
27
16
26
20
17
30
23
12
19
18
22
28
22
18
24
16
8
17
5
13
13
8
12
9
6
9
5
13
8
13
7
10
10
13
7
8
14
14
8
14
8
12
7
14
14
8
7
8
12
12
7
7
14
8
12
13
13
15
11
12
7
9
8
3
9
13
16
10
10
14
9
7
10
12
12
5
13
11
13
18
4
11
16
10
7
9
13
17
10
11
12
11
10
11
17
9
10
10
9
11
6
14
13
12
9
8
15
17
9
14
14
9
17
16
13
14
8
4
5
13
12
7
15
7
13
17
19
29
33
30
36
31
37
32
19
17
14
14
11
8
11
17
24
23
21
14
18
14
26
15
13
32
19
11
13
16
15
11
8
14
17
10
13
15
15
14
12
8
9
2
9
16
10
15
11
12
15
8
10
7
9
8
5
13
8
9
10
9
8
12
14
15
15
11
14
13
12
13
10
18
6
8
13
12
7
11
11
12
9
6
13
10
15
13
6
11
5
7
9
4
14
6
8
14
11
11
9
11
4
7
5
10
10
11
7
11
10
6
12
6
5
6
5
7
8
10
5
7
19
4
5
12
4
14
10
12
9
13
9
12
11
7
8
8
6
13
8
9
12
12
7
6
3
6
10
13
8
12
11
5
17
7
10
10
6
6
10
4
4
9
9
8
14
7
8
13
10
12
14
7
8
7
4
11
9
11
10
9
9
8
11
9
8
8
8
10
12
5
4
12
10
10
9
7
6
11
9
13
3
8
10
10
11
9
8
11
11
14
6
4
12
5
7
12
6
6
9
11
3
11
9
12
11
9
12
5
9
10
8
8
3
9
8
14
7
6
9
4
14
7
12
9
9
5
11
13
11
10
10
4
10
15
6
15
10
10
8
10
9
6
10
8
17
15
14
9
10
7
9
11
10
14
7
12
7
13
8
9
7
3
14
9
8
8
6
7
15
8
8
4
19
13
13
21
25
22
30
11
16
16
23
12
9
14
9
9
9
7
8
5
6
10
10
11
14
11
6
11
9
9
16
10
10
7
8
6
5
11
12
11
11
10
7
9
8
9
10
7
8
12
13
10
11
6
13
5
5
11
6
6
14
13
11
7
12
7
8
10
9
7
9
8
5
18
7
5
8
12
10
7
8
11
14
15
15
8
9
11
7
6
10
9
11
6
12
6
12
6
9
11
7
2
8
7
8
17
13
8
10
5
12
10
6
11
9
9
16
14
16
21
20
55
53
72
72
76
75
65
41
44
29
18
9
15
17
13
14
18
14
29
19
24
23
19
14
16
18
8
8
9
7
6
10
9
9
11
13
9
10
6
9
9
10
9
10
5
7
10
12
11
14
14
10
10
3
10
8
11
11
11
14
9
13
8
13
8
6
5
9
10
9
13
4
11
5
7
7
8
9
9
11
4
11
8
9
4
4
6
11
12
9
5
5
6
8
9
5
4
6
9
10
9
11
11
8
14
7
3
3
12
10
8
3
8
5
5
7
10
6
11
10
6
11
11
11
6
13
9
13
8
5
8
4
6
10
11
7
13
11
5
3
9
3
5
10
7
11
4
7
18
7
18
8
10
9
9
12
12
8
11
13
13
7
8
8
7
8
8
14
9
11
3
13
4
11
10
3
10
7
10
10
5
10
13
11
6
9
4
12
4
18
19
15
6
4
12
10
9
12
4
12
11
9
5
9
9
10
11
9
12
18
9
10
8
2
7
5
9
9
7
8
14
9
6
10
12
7
6
11
8
8
8
1
7
8
7
10
7
9
10
13
8
8
6
6
6
11
12
5
8
7
3
9
8
13
8
13
10
11
8
9
10
18
6
5
14
8
12
7
8
8
9
7
6
10
7
9
8
9
14
6
12
10
8
9
16
16
19
18
22
19
20
16
8
11
11
13
9
14
9
13
11
11
8
7
8
12
5
2
13
16
9
7
6
11
10
7
10
4
11
11
7
9
14
8
10
9
8
7
7
12
9
5
5
10
12
15
11
5
8
14
11
4
7
17
9
14
9
8
10
11
8
5
9
13
10
10
8
12
8
12
11
6
12
7
11
12
4
8
9
8
8
10
7
7
10
9
9
10
11
13
7
7
7
8
4
12
8
11
8
10
5
3
8
7
14
9
12
8
3
11
8
9
10
15
5
3
9
7
5
13
11
12
6
10
10
11
9
4
9
12
10
12
7
10
4
7
7
12
15
13
11
8
14
7
6
8
12
7
4
8
12
8
15
8
7
5
9
5
7
12
8
8
6
6
5
13
12
14
6
4
12
10
8
6
5
5
9
14
14
12
9
15
7
9
10
7
7
7
15
8
8
10
10
15
14
6
6
9
7
12
10
8
8
3
9
15
11
12
9
7
11
13
9
10
13
13
9
8
8
8
14
11
7
14
10
2
5
9
9
14
10
6
7
11
7
5
10
9
13
11
6
10
13
13
10
10
4
13
9
11
8
9
10
10
10
8
13
11
8
7
10
18
12
15
12
10
11
7
11
10
13
14
9
10
10
8
7
8
10
10
6
11
15
12
7
8
6
11
6
11
9
8
9
10
12
9
11
14
11
9
7
9
11
8
10
7
15
13
11
14
16
11
5
10
3
16
6
15
9
6
7
6
15
7
9
12
7
8
8
15
9
13
11
12
5
6
7
8
5
2
10
9
14
7
13
7
14
9
8
14
6
9
6
8
7
12
8
8
10
7
5
7
14
13
6
16
10
10
5
9
12
16
10
13
3
10
10
9
14
12
11
8
8
12
10
11
5
10
7
8
8
6
6
10
14
11
16
8
8
17
14
7
7
16
17
7
12
6
8
8
13
12
8
12
12
17
12
8
10
7
10
12
5
5
6
8
9
8
13
8
12
7
9
12
10
6
9
7
12
13
8
13
10
9
14
9
10
19
14
9
9
7
12
9
6
12
11
15
9
13
11
8
13
9
8
11
9
10
8
12
12
11
9
11
10
4
6
14
9
9
8
10
9
13
10
12
13
12
10
14
10
11
4
9
8
8
11
9
5
9
7
11
12
12
12
7
13
10
15
10
8
11
6
10
4
8
10
15
10
13
6
15
10
11
9
6
7
8
14
12
2
10
12
9
13
12
9
7
12
11
9
8
8
8
9
11
8
11
14
18
7
12
11
10
12
9
7
10
7
15
9
11
8
13
8
14
13
12
4
9
12
7
18
9
10
15
8
12
17
9
12
14
12
9
7
5
10
7
7
10
16
11
12
11
9
8
11
10
7
9
11
9
11
9
8
6
4
11
12
14
8
6
8
7
9
8
16
11
13
6
7
12
9
5
6
4
5
6
8
5
13
9
9
14
8
5
7
11
10
6
7
8
6
7
18
11
11
10
9
13
10
15
12
13
8
8
9
13
12
10
3
13
16
7
18
12
9
13
13
16
6
14
9
10
11
7
11
9
15
11
5
13
7
13
10
11
12
12
10
15
10
9
6
10
8
10
9
7
12
5
3
10
10
8
16
15
13
7
8
14
6
4
10
4
8
15
8
13
7
9
6
9
10
8
8
7
12
11
7
13
10
11
8
5
15
7
9
16
8
11
3
11
10
5
6
9
12
18
8
16
7
14
12
9
8
7
12
15
5
9
11
13
12
10
6
10
12
18
5
10
10
9
14
6
6
6
6
12
14
18
10
12
8
5
13
10
14
8
10
12
5
9
10
11
4
8
7
10
10
9
10
7
16
9
9
9
9
13
12
14
17
9
14
10
14
10
7
6
11
7
8
5
6
10
8
14
10
9
15
8
5
8
12
12
3
19
7
11
7
11
9
12
12
8
6
8
6
11
14
13
7
11
11
17
5
10
10
6
13
7
7
15
10
15
12
12
11
9
13
13
11
12
13
15
14
17
20
14
11
10
13
14
10
15
6
6
11
10
9
5
10
12
12
7
7
11
9
5
10
9
12
9
11
8
8
14
8
8
6
12
4
5
10
8
9
12
5
9
14
13
11
15
9
9
16
14
9
15
11
11
12
11
14
13
10
11
12
7
7
8
10
9
10
7
6
11
4
10
12
10
11
6
8
7
8
11
9
15
11
9
5
11
7
10
8
9
5
13
3
11
15
6
9
11
15
14
5
14
10
13
6
8
13
11
7
13
14
11
8
7
8
12
9
10
9
8
6
12
8
10
7
8
11
11
7
10
6
4
13
6
7
7
9
9
8
11
3
12
15
4
11
12
11
11
9
5
11
4
12
7
10
9
6
13
7
5
10
8
13
8
9
12
15
10
16
7
11
13
10
6
8
9
11
5
10
9
10
9
11
14
8
10
13
11
6
6
4
5
7
6
10
9
7
9
12
7
6
13
8
10
11
11
9
11
10
6
7
12
6
8
14
11
11
8
6
6
7
8
3
7
10
12
8
7
9
5
14
8
9
14
4
12
10
13
11
4
11
12
13
7
9
7
10
4
13
9
11
7
7
9
6
3
6
13
12
8
7
3
12
7
7
6
9
9
10
15
6
10
7
9
8
5
11
10
5
2
8
8
11
8
9
2
9
7
7
3
6
10
7
8
7
10
13
9
5
3
8
10
13
8
6
10
5
7
5
8
9
6
8
12
7
9
11
8
11
6
11
8
12
6
11
5
7
8
4
10
7
6
11
10
9
9
9
10
24
25
30
30
29
27
22
29
20
15
17
10
2
8
6
10
10
7
8
8
5
7
10
8
7
8
8
5
9
4
6
6
9
12
7
8
7
13
10
10
11
7
10
7
3
12
5
4
7
6
7
9
7
4
7
5
7
7
8
9
3
6
7
6
8
6
5
8
10
5
11
9
7
5
14
8
6
5
6
5
4
8
10
10
7
5
13
4
4
10
4
8
5
7
6
6
6
9
9
7
9
7
6
8
7
8
8
9
11
5
8
7
7
2
10
10
15
8
5
8
9
4
8
10
6
8
6
8
8
6
6
9
10
8
11
6
5
9
8
5
12
7
8
6
4
9
7
2
8
7
9
7
7
4
6
13
9
4
8
6
5
5
3
11
13
10
7
8
5
6
6
4
6
2
7
9
3
6
9
6
4
3
6
6
8
8
5
6
7
9
5
8
6
1
6
11
3
6
6
11
5
5
14
5
8
5
12
9
10
5
6
5
8
4
6
6
8
7
3
9
9
7
8
9
5
8
8
6
4
6
8
7
13
12
5
4
8
12
7
6
3
4
8
6
8
9
5
5
9
6
10
8
6
6
6
7
6
6
3
6
4
7
4
9
9
4
5
4
9
12
9
3
15
6
6
8
7
8
5
10
6
4
7
8
5
6
6
7
9
4
9
10
11
6
9
12
11
8
4
7
9
4
8
4
3
12
8
11
9
11
9
8
7
5
5
8
5
6
7
4
5
4
5
8
8
4
8
5
4
6
6
4
5
9
8
10
7
6
7
4
4
4
5
8
6
10
12
10
8
7
8
9
5
5
6
4
4
6
5
5
11
8
12
15
5
8
12
8
7
6
2
9
6
7
5
8
4
6
7
5
5
3
6
6
5
1
4
3
4
10
4
5
7
7
5
7
8
4
6
8
11
6
4
7
4
4
8
5
7
7
5
10
3
7
2
7
8
6
6
8
9
1
5
5
3
8
7
5
5
4
6
7
0
9
5
6
5
4
9
7
5
5
3
9
4
8
6
6
5
8
7
12
5
10
4
4
6
4
5
3
5
6
6
6
2
5
9
7
5
8
5
7
6
5
4
6
10
5
11
6
6
5
13
6
6
1
4
6
6
11
2
6
5
3
6
9
5
6
2
7
3
3
9
5
3
4
3
7
4
8
9
2
3
8
9
5
3
7
6
7
11
6
9
6
12
12
10
4
7
9
3
4
7
6
6
11
7
4
4
4
6
7
5
6
5
5
5
5
5
9
7
9
4
3
8
6
10
3
9
5
4
5
2
6
7
10
7
4
1
5
4
6
3
11
7
5
5
5
9
8
4
6
5
5
11
5
8
3
8
11
6
3
4
3
8
6
8
7
12
5
4
3
7
6
8
4
4
8
4
4
4
8
3
4
4
5
4
2
3
8
8
2
7
9
2
7
4
3
8
2
9
3
6
5
4
2
5
7
3
2
6
5
1
4
5
7
6
8
5
5
4
4
4
3
3
3
4
4
6
4
5
1
3
3
2
3
4
4
4
6
6
5
3
2
2
3
11
6
8
3
4
3
