Drift Time histogram data for Chamber RV60, Plane Plane 0 :
1 0
2 0
3 0
4 0
5 0
6 0
7 0
8 0
9 0
10 0
11 0
12 0
13 0
14 0
15 0
16 0
17 0
18 0
19 0
20 0
21 0
22 0
23 0
24 0
25 0
26 0
27 0
28 0
29 0
30 0
31 0
32 0
33 0
34 0
35 0
36 0
37 0
38 0
39 0
40 0
41 0
42 0
43 0
44 0
45 0
46 0
47 46
48 169
49 288
50 299
51 346
52 307
53 302
54 296
55 339
56 319
57 327
58 291
59 318
60 290
61 334
62 318
63 351
64 346
65 334
66 315
67 281
68 333
69 312
70 311
71 325
72 329
73 318
74 332
75 292
76 338
77 347
78 291
79 320
80 295
81 324
82 326
83 322
84 319
85 318
86 316
87 284
88 354
89 315
90 313
91 319
92 334
93 361
94 320
95 325
96 320
97 335
98 281
99 300
100 324
101 388
102 347
103 294
104 347
105 348
106 338
107 319
108 314
109 323
110 322
111 327
112 305
113 296
114 306
115 328
116 320
117 348
118 357
119 315
120 331
121 315
122 307
123 332
124 309
125 338
126 331
127 353
128 336
129 340
130 322
131 340
132 350
133 343
134 340
135 349
136 299
137 373
138 319
139 339
140 343
141 298
142 315
143 328
144 368
145 345
146 344
147 365
148 330
149 376
150 364
151 330
152 355
153 356
154 351
155 374
156 374
157 367
158 347
159 416
160 429
161 478
162 546
163 548
164 632
165 728
166 744
167 858
168 952
169 1013
170 1099
171 1231
172 1355
173 1567
174 1730
175 2158
176 2387
177 2910
178 3607
179 4401
180 5905
181 7388
182 9341
183 11347
184 13433
185 15396
186 17514
187 19263
188 20721
189 22108
190 22579
191 23241
192 23925
193 24112
194 23797
195 23761
196 23392
197 23071
198 22606
199 21968
200 21572
201 20759
202 20556
203 20152
204 19158
205 18847
206 18045
207 17869
208 17017
209 16839
210 16464
211 15879
212 15380
213 14925
214 14685
215 14405
216 13866
217 13502
218 12995
219 12960
220 12635
221 12244
222 11899
223 11373
224 11011
225 10790
226 10190
227 9791
228 9370
229 8996
230 8705
231 8092
232 7616
233 7302
234 7048
235 6645
236 6279
237 5982
238 5620
239 5250
240 4876
241 4699
242 4503
243 4313
244 3878
245 3614
246 3568
247 3255
248 2983
249 2827
250 2757
251 2498
252 2259
253 2216
254 2018
255 1912
256 1731
257 1661
258 1546
259 1395
260 1382
261 1218
262 1135
263 1106
264 1080
265 972
266 984
267 821
268 790
269 753
270 726
271 670
272 616
273 575
274 555
275 544
276 463
277 480
278 435
279 428
280 436
281 392
282 411
283 419
284 392
285 395
286 378
287 390
288 369
289 323
290 354
291 346
292 342
293 302
294 322
295 324
296 326
297 340
298 283
299 335
300 282
301 310
302 257
303 289
304 334
305 275
306 306
307 281
308 327
309 329
310 323
311 293
312 292
313 302
314 281
315 322
316 290
317 316
318 272
319 315
320 259
321 304
322 317
323 301
324 279
325 298
326 314
327 287
328 298
329 300
330 301
331 314
332 261
333 291
334 272
335 313
336 297
337 314
338 285
339 307
340 284
341 271
342 295
343 286
344 293
345 274
346 284
347 296
348 308
349 289
350 304
351 291
352 313
353 279
354 259
355 275
356 311
357 303
358 275
359 285
360 319
361 275
362 289
363 263
364 273
365 310
366 302
367 331
368 283
369 287
370 304
371 302
372 279
373 291
374 322
375 263
376 261
377 287
378 276
379 289
380 271
381 279
382 267
383 274
384 264
385 255
386 284
387 245
388 265
389 291
390 257
391 262
392 272
393 241
394 250
395 239
396 229
397 226
398 255
399 213
400 208
401 204
402 202
403 187
404 189
405 206
406 177
407 204
408 177
409 175
410 151
411 152
412 150
413 121
414 125
415 120
416 130
417 127
418 112
419 118
420 116
421 117
422 95
423 84
424 75
425 84
426 74
427 71
428 75
429 55
430 65
431 52
432 54
433 55
434 37
435 34
436 41
437 42
438 35
439 39
440 27
441 33
442 22
443 20
444 26
445 17
446 18
447 18
448 25
449 14
450 10
451 12
452 16
453 9
454 9
455 4
456 11
457 8
458 3
459 9
460 8
461 4
462 5
463 3
464 3
465 2
466 1
467 3
468 0
469 0
470 0
471 0
472 0
473 0
474 0
475 0
476 0
477 0
478 0
479 0
480 0
481 0
482 0
483 0
484 0
485 0
486 0
487 0
488 0
489 0
490 0
491 0
492 0
493 0
494 0
495 0
496 0
497 0
498 0
499 0
500 0
501 0
502 0
503 0
504 0
505 0
506 0
507 0
508 0
509 0
510 0
511 0
512 0
513 0
514 0
515 0
516 0
517 0
518 0
519 0
520 0
521 0
522 0
523 0
524 0
525 0
526 0
527 0
528 0
529 0
530 0
531 0
532 0
533 0
534 0
535 0
536 0
537 0
538 0
539 0
540 0
541 0
542 0
543 0
544 0
545 0
546 0
547 0
548 0
549 0
